time	V(n002)	V(n003)
0.000000000000000e+00	0.000000e+00	0.000000e+00
9.142856884279487e-09	-1.320287e-05	2.872346e-05
1.828571376855897e-08	-4.359788e-05	5.744617e-05
2.742857065283846e-08	-9.118504e-05	8.616812e-05
3.657142753711795e-08	-1.559643e-04	1.148893e-04
4.571428442139743e-08	-2.379358e-04	1.436098e-04
5.485714130567693e-08	-3.370994e-04	1.723294e-04
6.399999818995639e-08	-4.534551e-04	2.010484e-04
9.669403802959958e-08	-9.746161e-04	3.037266e-04
1.318945567943635e-07	-1.788534e-03	4.142404e-04
1.783117488903806e-07	-3.259254e-03	5.598899e-04
2.386807111220676e-07	-5.829972e-03	7.491351e-04
3.195609406396419e-07	-1.042965e-02	1.002245e-03
4.252139578088222e-07	-1.841768e-02	1.331880e-03
5.657013190900060e-07	-3.247383e-02	1.767862e-03
7.503964406711520e-07	-5.637676e-02	2.335665e-03
9.457089406711520e-07	-8.803643e-02	2.927516e-03
1.141021440671152e-06	-1.263179e-01	3.508348e-03
1.336333940671152e-06	-1.709851e-01	4.075977e-03
1.531646440671152e-06	-2.216493e-01	4.628263e-03
1.726958940671152e-06	-2.778677e-01	5.163130e-03
1.922271440671152e-06	-3.391474e-01	5.678565e-03
2.117583940671153e-06	-4.049478e-01	6.172626e-03
2.312896440671153e-06	-4.746849e-01	6.643455e-03
2.508208940671153e-06	-5.477347e-01	7.089280e-03
2.703521440671153e-06	-6.234376e-01	7.508422e-03
2.898833940671153e-06	-7.011029e-01	7.899304e-03
3.094146440671153e-06	-7.800127e-01	8.260455e-03
3.289458940671153e-06	-8.594275e-01	8.590516e-03
3.484771440671153e-06	-9.385901e-01	8.888244e-03
3.680083940671153e-06	-1.016732e+00	9.152518e-03
3.875396440671153e-06	-1.093076e+00	9.382345e-03
4.070708940671153e-06	-1.166845e+00	9.576858e-03
4.266021440671153e-06	-1.237265e+00	9.735326e-03
4.461333940671152e-06	-1.303568e+00	9.857153e-03
4.656646440671152e-06	-1.365003e+00	9.941879e-03
4.851958940671152e-06	-1.420836e+00	9.989187e-03
5.047271440671151e-06	-1.470358e+00	9.998897e-03
5.242583940671151e-06	-1.512890e+00	9.970974e-03
5.437896440671151e-06	-1.547786e+00	9.905523e-03
5.633208940671150e-06	-1.574439e+00	9.802789e-03
5.828521440671150e-06	-1.592287e+00	9.663160e-03
6.023833940671150e-06	-1.600816e+00	9.487160e-03
6.219146440671149e-06	-1.599562e+00	9.275454e-03
6.414458940671149e-06	-1.588119e+00	9.028836e-03
6.609771440671149e-06	-1.566142e+00	8.748237e-03
6.805083940671148e-06	-1.533347e+00	8.434710e-03
7.000396440671148e-06	-1.489515e+00	8.089438e-03
7.195708940671148e-06	-1.434498e+00	7.713718e-03
7.391021440671147e-06	-1.368216e+00	7.308966e-03
7.586333940671147e-06	-1.290661e+00	6.876705e-03
7.781646440671147e-06	-1.201899e+00	6.418561e-03
7.976958940671147e-06	-1.102068e+00	5.936259e-03
8.172271440671148e-06	-9.913820e-01	5.431615e-03
8.367583940671148e-06	-8.701254e-01	4.906527e-03
8.562896440671149e-06	-7.386571e-01	4.362972e-03
8.758208940671149e-06	-5.974069e-01	3.802996e-03
8.953521440671150e-06	-4.468745e-01	3.228706e-03
9.148833940671150e-06	-2.876271e-01	2.642264e-03
9.344146440671151e-06	-1.202974e-01	2.045877e-03
9.539458940671151e-06	5.441965e-02	1.441790e-03
9.734771440671152e-06	2.357697e-01	8.322762e-04
9.930083940671152e-06	4.229425e-01	2.196301e-04
1.012539644067115e-05	6.150759e-01	-3.938426e-04
1.051602144067115e-05	1.010540e+00	-1.614038e-03
1.071133394067115e-05	1.211922e+00	-2.216168e-03
1.090664644067115e-05	1.414381e+00	-2.809956e-03
1.110195894067116e-05	1.616857e+00	-3.393169e-03
1.129727144067116e-05	1.818268e+00	-3.963611e-03
1.149258394067116e-05	2.017515e+00	-4.519134e-03
1.168789644067116e-05	2.213482e+00	-5.057648e-03
1.188320894067116e-05	2.405046e+00	-5.577127e-03
1.207852144067116e-05	2.591082e+00	-6.075614e-03
1.227383394067116e-05	2.770468e+00	-6.551235e-03
1.246914644067116e-05	2.942092e+00	-7.002197e-03
1.266445894067116e-05	3.104857e+00	-7.426805e-03
1.285977144067116e-05	3.257690e+00	-7.823461e-03
1.305508394067116e-05	3.399544e+00	-8.190671e-03
1.325039644067116e-05	3.529408e+00	-8.527053e-03
1.344570894067116e-05	3.646311e+00	-8.831340e-03
1.364102144067116e-05	3.749329e+00	-9.102389e-03
1.383633394067116e-05	3.837594e+00	-9.339178e-03
1.403164644067116e-05	3.910294e+00	-9.540817e-03
1.422695894067116e-05	3.966684e+00	-9.706547e-03
1.442227144067116e-05	4.006092e+00	-9.835742e-03
1.461758394067116e-05	4.027918e+00	-9.927919e-03
1.481289644067117e-05	4.031647e+00	-9.982729e-03
1.520352144067117e-05	3.983181e+00	-9.979567e-03
1.559414644067116e-05	3.858344e+00	-9.826302e-03
1.578945894067116e-05	3.766969e+00	-9.694014e-03
1.598477144067116e-05	3.656319e+00	-9.525240e-03
1.618008394067116e-05	3.526541e+00	-9.320616e-03
1.637539644067116e-05	3.377882e+00	-9.080910e-03
1.657070894067116e-05	3.210692e+00	-8.807027e-03
1.676602144067116e-05	3.025419e+00	-8.499995e-03
1.696133394067116e-05	2.822608e+00	-8.160971e-03
1.715664644067115e-05	2.602900e+00	-7.791232e-03
1.735195894067115e-05	2.367030e+00	-7.392168e-03
1.754727144067115e-05	2.115820e+00	-6.965281e-03
1.774258394067115e-05	1.850178e+00	-6.512179e-03
1.793789644067115e-05	1.571093e+00	-6.034567e-03
1.813320894067115e-05	1.279632e+00	-5.534241e-03
1.832852144067115e-05	9.769331e-01	-5.013086e-03
1.852383394067115e-05	6.642005e-01	-4.473063e-03
1.871914644067114e-05	3.427016e-01	-3.916204e-03
1.891445894067114e-05	1.376059e-02	-3.344606e-03
1.910977144067114e-05	-3.212472e-01	-2.760419e-03
1.950039644067114e-05	-1.003736e+00	-1.563114e-03
1.989102144067114e-05	-1.692935e+00	-3.422994e-04
2.028164644067114e-05	-2.376540e+00	8.836643e-04
2.067227144067113e-05	-3.041960e+00	2.096337e-03
2.086758394067113e-05	-3.363883e+00	2.691974e-03
2.106289644067113e-05	-3.676507e+00	3.277479e-03
2.125820894067113e-05	-3.978263e+00	3.850648e-03
2.145352144067113e-05	-4.267608e+00	4.409324e-03
2.164883394067113e-05	-4.543024e+00	4.951404e-03
2.184414644067113e-05	-4.803031e+00	5.474849e-03
2.203945894067112e-05	-5.046196e+00	5.977687e-03
2.223477144067112e-05	-5.271134e+00	6.458027e-03
2.243008394067112e-05	-5.476525e+00	6.914060e-03
2.262539644067112e-05	-5.661117e+00	7.344070e-03
2.282070894067112e-05	-5.823736e+00	7.746439e-03
2.301602144067112e-05	-5.963296e+00	8.119652e-03
2.321133394067112e-05	-6.078802e+00	8.462304e-03
2.340664644067112e-05	-6.169363e+00	8.773107e-03
2.360195894067112e-05	-6.234197e+00	9.050889e-03
2.379727144067111e-05	-6.272635e+00	9.294606e-03
2.399258394067111e-05	-6.284132e+00	9.503339e-03
2.438320894067111e-05	-6.224751e+00	9.812851e-03
2.477383394067111e-05	-6.054280e+00	9.974768e-03
2.516445894067111e-05	-5.773108e+00	9.986656e-03
2.555508394067110e-05	-5.383821e+00	9.848335e-03
2.594570894067110e-05	-4.891149e+00	9.561885e-03
2.614102144067110e-05	-4.608085e+00	9.364374e-03
2.633633394067110e-05	-4.301863e+00	9.131616e-03
2.653164644067110e-05	-3.973622e+00	8.864489e-03
2.672695894067110e-05	-3.624602e+00	8.563999e-03
2.692227144067110e-05	-3.256142e+00	8.231276e-03
2.711758394067109e-05	-2.869670e+00	7.867572e-03
2.731289644067109e-05	-2.466698e+00	7.474256e-03
2.750820894067109e-05	-2.048812e+00	7.052809e-03
2.770352144067109e-05	-1.617668e+00	6.604816e-03
2.789883394067109e-05	-1.174982e+00	6.131965e-03
2.809414644067109e-05	-7.225276e-01	5.636034e-03
2.828945894067109e-05	-2.621250e-01	5.118890e-03
2.848477144067109e-05	2.043611e-01	4.582481e-03
2.887539644067108e-05	1.147946e+00	3.460002e-03
2.926602144067108e-05	2.092667e+00	2.285482e-03
2.965664644067108e-05	3.022629e+00	1.076586e-03
3.004727144067108e-05	3.921782e+00	-1.485021e-04
3.043789644067107e-05	4.774116e+00	-1.371357e-03
3.082852144067107e-05	5.563888e+00	-2.573586e-03
3.121914644067107e-05	6.275885e+00	-3.737105e-03
3.141445894067107e-05	6.598185e+00	-4.298850e-03
3.160977144067107e-05	6.895737e+00	-4.844415e-03
3.180508394067107e-05	7.166933e+00	-5.371747e-03
3.200039644067107e-05	7.410264e+00	-5.878860e-03
3.219570894067107e-05	7.624329e+00	-6.363847e-03
3.239102144067107e-05	7.807847e+00	-6.824882e-03
3.258633394067106e-05	7.959666e+00	-7.260229e-03
3.278164644067106e-05	8.078776e+00	-7.668251e-03
3.297695894067106e-05	8.164312e+00	-8.047411e-03
3.317227144067106e-05	8.215567e+00	-8.396283e-03
3.336758394067106e-05	8.231988e+00	-8.713553e-03
3.356289644067106e-05	8.213190e+00	-8.998026e-03
3.375820894067106e-05	8.158957e+00	-9.248634e-03
3.395352144067106e-05	8.069242e+00	-9.464432e-03
3.414883394067105e-05	7.944171e+00	-9.644607e-03
3.434414644067105e-05	7.784050e+00	-9.788482e-03
3.453945894067105e-05	7.589355e+00	-9.895517e-03
3.473477144067105e-05	7.360732e+00	-9.965305e-03
3.493008394067105e-05	7.098999e+00	-9.997588e-03
3.512539644067105e-05	6.805133e+00	-9.992241e-03
3.532070894067105e-05	6.480267e+00	-9.949286e-03
3.571133394067105e-05	5.742771e+00	-9.751339e-03
3.610195894067104e-05	4.898266e+00	-9.406721e-03
3.649258394067104e-05	3.960303e+00	-8.920618e-03
3.668789644067104e-05	3.460915e+00	-8.626714e-03
3.688320894067104e-05	2.943884e+00	-8.300341e-03
3.707852144067104e-05	2.411261e+00	-7.942727e-03
3.727383394067104e-05	1.865150e+00	-7.555218e-03
3.746914644067103e-05	1.307701e+00	-7.139274e-03
3.766445894067103e-05	7.411060e-01	-6.696459e-03
3.785977144067103e-05	1.675897e-01	-6.228440e-03
3.805508394067103e-05	-4.105926e-01	-5.736978e-03
3.844570894067103e-05	-1.571815e+00	-4.691208e-03
3.883633394067103e-05	-2.724098e+00	-3.574877e-03
3.922695894067102e-05	-3.848781e+00	-2.404778e-03
3.961758394067102e-05	-4.927151e+00	-1.198507e-03
4.000820894067102e-05	-5.940620e+00	2.578912e-05
4.039883394067102e-05	-6.870976e+00	1.249698e-03
4.059414644067102e-05	-7.299473e+00	1.855746e-03
4.078945894067101e-05	-7.700697e+00	2.454810e-03
4.098477144067101e-05	-8.072633e+00	3.044634e-03
4.118008394067101e-05	-8.413366e+00	3.622999e-03
4.137539644067101e-05	-8.721104e+00	4.187728e-03
4.157070894067101e-05	-8.994184e+00	4.736695e-03
4.176602144067101e-05	-9.231100e+00	5.267835e-03
4.196133394067101e-05	-9.430517e+00	5.779148e-03
4.215664644067101e-05	-9.591280e+00	6.268709e-03
4.235195894067101e-05	-9.712420e+00	6.734676e-03
4.254727144067100e-05	-9.793159e+00	7.175295e-03
4.274258394067100e-05	-9.832905e+00	7.588908e-03
4.293789644067100e-05	-9.831240e+00	7.973958e-03
4.313320894067100e-05	-9.787928e+00	8.328997e-03
4.332852144067100e-05	-9.702909e+00	8.652685e-03
4.352383394067100e-05	-9.576310e+00	8.943808e-03
4.371914644067100e-05	-9.408460e+00	9.201269e-03
4.391445894067100e-05	-9.199896e+00	9.424098e-03
4.410977144067099e-05	-8.951369e+00	9.611456e-03
4.430508394067099e-05	-8.663845e+00	9.762639e-03
4.450039644067099e-05	-8.338489e+00	9.877078e-03
4.469570894067099e-05	-7.976660e+00	9.954342e-03
4.489102144067099e-05	-7.579890e+00	9.994140e-03
4.508633394067099e-05	-7.149869e+00	9.996322e-03
4.528164644067099e-05	-6.688424e+00	9.960881e-03
4.567227144067099e-05	-5.679171e+00	9.777800e-03
4.606289644067098e-05	-4.568911e+00	9.447652e-03
4.645352144067098e-05	-3.375668e+00	8.975403e-03
4.664883394067098e-05	-2.753807e+00	8.688129e-03
4.684414644067098e-05	-2.118340e+00	8.368156e-03
4.703945894067098e-05	-1.471725e+00	8.016686e-03
4.723477144067098e-05	-8.164402e-01	7.635043e-03
4.743008394067097e-05	-1.549910e-01	7.224664e-03
4.782070894067097e-05	1.176298e+00	6.323976e-03
4.821133394067097e-05	2.501788e+00	5.328170e-03
4.860195894067097e-05	3.800941e+00	4.252224e-03
4.899258394067097e-05	5.053108e+00	3.112319e-03
4.938320894067096e-05	6.237655e+00	1.925603e-03
4.977383394067096e-05	7.334141e+00	7.099240e-04
4.996914644067096e-05	7.843093e+00	9.692780e-05
5.016445894067096e-05	8.322602e+00	-5.164332e-04
5.035977144067096e-05	8.770312e+00	-1.127850e-03
5.055508394067096e-05	9.183958e+00	-1.735023e-03
5.075039644067095e-05	9.561386e+00	-2.335665e-03
5.094570894067095e-05	9.900583e+00	-2.927516e-03
5.114102144067095e-05	1.019971e+01	-3.508348e-03
5.133633394067095e-05	1.045714e+01	-4.075977e-03
5.153164644067095e-05	1.067155e+01	-4.628263e-03
5.172695894067095e-05	1.084190e+01	-5.163130e-03
5.192227144067095e-05	1.096755e+01	-5.678565e-03
5.211758394067095e-05	1.104816e+01	-6.172626e-03
5.231289644067094e-05	1.108358e+01	-6.643455e-03
5.250820894067094e-05	1.107370e+01	-7.089280e-03
5.270352144067094e-05	1.101831e+01	-7.508422e-03
5.289883394067094e-05	1.091714e+01	-7.899304e-03
5.309414644067094e-05	1.077004e+01	-8.260455e-03
5.328945894067094e-05	1.057712e+01	-8.590516e-03
5.348477144067094e-05	1.033887e+01	-8.888244e-03
5.368008394067094e-05	1.005614e+01	-9.152518e-03
5.387539644067094e-05	9.730121e+00	-9.382345e-03
5.407070894067093e-05	9.362277e+00	-9.576858e-03
5.426602144067093e-05	8.954309e+00	-9.735326e-03
5.446133394067093e-05	8.508106e+00	-9.857153e-03
5.465664644067093e-05	8.025713e+00	-9.941879e-03
5.485195894067093e-05	7.509311e+00	-9.989187e-03
5.504727144067093e-05	6.961185e+00	-9.998897e-03
5.543789644067093e-05	5.779349e+00	-9.905523e-03
5.582852144067092e-05	4.500022e+00	-9.663160e-03
5.621914644067092e-05	3.143788e+00	-9.275454e-03
5.660977144067092e-05	1.731699e+00	-8.748237e-03
5.680508394067092e-05	1.011368e+00	-8.434710e-03
5.700039644067092e-05	2.850906e-01	-8.089438e-03
5.739102144067091e-05	-1.174510e+00	-7.308966e-03
5.778164644067091e-05	-2.625420e+00	-6.418561e-03
5.817227144067091e-05	-4.045808e+00	-5.431615e-03
5.856289644067091e-05	-5.413706e+00	-4.362972e-03
5.895352144067090e-05	-6.707073e+00	-3.228706e-03
5.914883394067090e-05	-7.318927e+00	-2.642264e-03
5.934414644067090e-05	-7.903912e+00	-2.045877e-03
5.953945894067090e-05	-8.459318e+00	-1.441790e-03
5.973477144067090e-05	-8.982462e+00	-8.322762e-04
5.993008394067090e-05	-9.470697e+00	-2.196301e-04
6.012539644067090e-05	-9.921406e+00	3.938426e-04
6.032070894067090e-05	-1.033197e+01	1.005833e-03
6.051602144067090e-05	-1.069975e+01	1.614038e-03
6.071133394067089e-05	-1.102197e+01	2.216168e-03
6.090664644067089e-05	-1.129552e+01	2.809956e-03
6.110195894067090e-05	-1.151672e+01	3.393169e-03
6.129727144067090e-05	-1.168182e+01	3.963611e-03
6.149258394067091e-05	-1.179030e+01	4.519134e-03
6.168789644067092e-05	-1.184956e+01	5.057648e-03
6.188320894067092e-05	-1.187308e+01	5.577127e-03
6.207852144067093e-05	-1.187075e+01	6.075614e-03
6.227383394067093e-05	-1.184138e+01	6.551235e-03
6.246914644067094e-05	-1.177338e+01	7.002197e-03
6.266445894067094e-05	-1.165346e+01	7.426805e-03
6.285977144067095e-05	-1.147556e+01	7.823461e-03
6.305508394067095e-05	-1.124097e+01	8.190671e-03
6.325039644067096e-05	-1.095338e+01	8.527053e-03
6.344570894067097e-05	-1.061615e+01	8.831340e-03
6.364102144067097e-05	-1.023214e+01	9.102389e-03
6.383633394067098e-05	-9.803944e+00	9.339178e-03
6.403164644067098e-05	-9.334055e+00	9.540817e-03
6.422695894067099e-05	-8.824974e+00	9.706547e-03
6.442227144067099e-05	-8.279239e+00	9.835742e-03
6.461758394067100e-05	-7.699444e+00	9.927919e-03
6.481289644067100e-05	-7.088227e+00	9.982729e-03
6.520352144067102e-05	-5.782297e+00	9.979567e-03
6.559414644067103e-05	-4.383307e+00	9.826302e-03
6.598477144067104e-05	-2.913445e+00	9.525240e-03
6.637539644067105e-05	-1.395054e+00	9.080910e-03
6.657070894067106e-05	-6.246607e-01	8.807027e-03
6.676602144067106e-05	1.494595e-01	8.499995e-03
6.715664644067107e-05	1.697636e+00	7.791232e-03
6.754727144067108e-05	3.226920e+00	6.965281e-03
6.793789644067109e-05	4.714614e+00	6.034567e-03
6.832852144067111e-05	6.137848e+00	5.013086e-03
6.871914644067112e-05	7.473596e+00	3.916204e-03
6.891445894067112e-05	8.101437e+00	3.344606e-03
6.910977144067113e-05	8.698723e+00	2.760419e-03
6.930508394067113e-05	9.262539e+00	2.165843e-03
6.950039644067114e-05	9.789915e+00	1.563114e-03
6.969570894067114e-05	1.027773e+01	9.545032e-04
6.989102144067115e-05	1.072246e+01	3.422994e-04
7.008633394067116e-05	1.111936e+01	-2.711928e-04
7.028164644067116e-05	1.145915e+01	-8.836643e-04
7.047695894067117e-05	1.172318e+01	-1.492810e-03
7.064397186316955e-05	1.186211e+01	-2.009325e-03
7.082327951221990e-05	1.193107e+01	-2.557669e-03
7.088773847769223e-05	1.194126e+01	-2.752899e-03
7.099349999949575e-05	1.194857e+01	-3.070743e-03
7.109719826426284e-05	1.195286e+01	-3.379096e-03
7.126532520774011e-05	1.195659e+01	-3.871270e-03
7.145181631451615e-05	1.195857e+01	-4.404515e-03
7.164712881451616e-05	1.195904e+01	-4.946750e-03
7.184244131451616e-05	1.195808e+01	-5.470365e-03
7.203775381451617e-05	1.195510e+01	-5.973392e-03
7.223306631451617e-05	1.194758e+01	-6.453936e-03
7.242837881451618e-05	1.192782e+01	-6.910189e-03
7.257433365462853e-05	1.188737e+01	-7.234253e-03
7.270314947024696e-05	1.180682e+01	-7.507650e-03
7.283681878995881e-05	1.166172e+01	-7.778346e-03
7.303213128995882e-05	1.136930e+01	-8.149090e-03
7.322744378995882e-05	1.101405e+01	-8.489163e-03
7.342275628995883e-05	1.060409e+01	-8.797283e-03
7.361806878995884e-05	1.014643e+01	-9.072294e-03
7.381338128995884e-05	9.645182e+00	-9.313158e-03
7.400869378995885e-05	9.103594e+00	-9.518970e-03
7.420400628995885e-05	8.524659e+00	-9.688954e-03
7.439931878995886e-05	7.911275e+00	-9.822471e-03
7.459463128995886e-05	7.266323e+00	-9.919019e-03
7.498525628995887e-05	5.893206e+00	-9.999893e-03
7.537588128995889e-05	4.428352e+00	-9.930359e-03
7.576650628995890e-05	2.894848e+00	-9.711463e-03
7.615713128995891e-05	1.315737e+00	-9.346498e-03
7.635244378995891e-05	5.162618e-01	-9.110871e-03
7.674306878995892e-05	-1.088177e+00	-8.537759e-03
7.713369378995894e-05	-2.680773e+00	-7.836231e-03
7.752431878995895e-05	-4.238428e+00	-7.016839e-03
7.791494378995896e-05	-5.737853e+00	-6.091908e-03
7.830556878995897e-05	-7.155528e+00	-5.075348e-03
7.850088128995898e-05	-7.826289e+00	-4.537438e-03
7.869619378995898e-05	-8.467669e+00	-3.982450e-03
7.889150628995899e-05	-9.076630e+00	-3.412473e-03
7.908681878995899e-05	-9.650042e+00	-2.829653e-03
7.928213128995900e-05	-1.018456e+01	-2.236182e-03
7.947744378995900e-05	-1.067624e+01	-1.634295e-03
7.967275628995901e-05	-1.111916e+01	-1.026256e-03
7.986806878995901e-05	-1.149801e+01	-4.143555e-04
8.006338128995902e-05	-1.178660e+01	1.991050e-04
8.018820116435926e-05	-1.189314e+01	5.909070e-04
8.031424969613212e-05	-1.193792e+01	9.856416e-04
8.036955815677147e-05	-1.194631e+01	1.158395e-03
8.045084383034416e-05	-1.195238e+01	1.411637e-03
8.054722952132133e-05	-1.195680e+01	1.710716e-03
8.068113037150750e-05	-1.196037e+01	2.123541e-03
8.085063409762037e-05	-1.196293e+01	2.640652e-03
8.104594659762038e-05	-1.196450e+01	3.227124e-03
8.124125909762038e-05	-1.196519e+01	3.801450e-03
8.143657159762039e-05	-1.196526e+01	4.361468e-03
8.163188409762039e-05	-1.196476e+01	4.905071e-03
8.182719659762040e-05	-1.196350e+01	5.430211e-03
8.202250909762041e-05	-1.196091e+01	5.934914e-03
8.221782159762041e-05	-1.195503e+01	6.417280e-03
8.241313409762042e-05	-1.194005e+01	6.875491e-03
8.255266225560390e-05	-1.190941e+01	7.187081e-03
8.266034124188581e-05	-1.184859e+01	7.418137e-03
8.277567803060183e-05	-1.172584e+01	7.656203e-03
8.291021752973727e-05	-1.151771e+01	7.921183e-03
8.310553002973727e-05	-1.114352e+01	8.280559e-03
8.330084252973728e-05	-1.071342e+01	8.608768e-03
8.349615502973729e-05	-1.023328e+01	8.904574e-03
8.369146752973729e-05	-9.708902e+00	9.166867e-03
8.388678002973730e-05	-9.144126e+00	9.394658e-03
8.408209252973730e-05	-8.542223e+00	9.587090e-03
8.427740502973731e-05	-7.906270e+00	9.743437e-03
8.447271752973731e-05	-7.239265e+00	9.863113e-03
8.486334252973733e-05	-5.823988e+00	9.990785e-03
8.525396752973734e-05	-4.320027e+00	9.968188e-03
8.564459252973735e-05	-2.750877e+00	9.795659e-03
8.603521752973736e-05	-1.139886e+00	9.475795e-03
8.623053002973736e-05	-3.259606e-01	9.262030e-03
8.662115502973738e-05	1.304264e+00	8.730856e-03
8.701178002973739e-05	2.918318e+00	8.068362e-03
8.740240502973740e-05	4.492890e+00	7.284512e-03
8.779303002973741e-05	6.004458e+00	6.391096e-03
8.818365502973742e-05	7.429235e+00	5.401553e-03
8.837896752973743e-05	8.101555e+00	4.875334e-03
8.857428002973743e-05	8.743092e+00	4.330765e-03
8.876959252973744e-05	9.350711e+00	3.769896e-03
8.896490502973744e-05	9.921109e+00	3.194838e-03
8.916021752973745e-05	1.045056e+01	2.607755e-03
8.935553002973745e-05	1.093399e+01	2.010858e-03
8.955084252973746e-05	1.136035e+01	1.406392e-03
8.974615502973746e-05	1.170860e+01	7.966325e-04
8.987405779737183e-05	1.185771e+01	3.955559e-04
9.000063791094487e-05	1.192916e+01	-2.004056e-06
9.005538285213813e-05	1.194229e+01	-1.739816e-04
9.012671440860318e-05	1.195000e+01	-3.979799e-04
9.020133743284404e-05	1.195490e+01	-6.320985e-04
9.031476362453837e-05	1.195930e+01	-9.872483e-04
9.044408325828925e-05	1.196225e+01	-1.390607e-03
9.063348641226173e-05	1.196464e+01	-1.977045e-03
9.082879891226174e-05	1.196598e+01	-2.574428e-03
9.102411141226174e-05	1.196661e+01	-3.162121e-03
9.121942391226175e-05	1.196676e+01	-3.737913e-03
9.141473641226175e-05	1.196649e+01	-4.299637e-03
9.161004891226176e-05	1.196573e+01	-4.845177e-03
9.180536141226176e-05	1.196423e+01	-5.372482e-03
9.200067391226177e-05	1.196124e+01	-5.879565e-03
9.219598641226178e-05	1.195400e+01	-6.364519e-03
9.239129891226178e-05	1.193352e+01	-6.825519e-03
9.252487431926375e-05	1.189095e+01	-7.126108e-03
9.263027508446760e-05	1.181044e+01	-7.354464e-03
9.273975603947993e-05	1.166374e+01	-7.583119e-03
9.292680561296447e-05	1.132658e+01	-7.952884e-03
9.310221017441580e-05	1.095360e+01	-8.274707e-03
9.329752267441580e-05	1.048473e+01	-8.603455e-03
9.349283517441581e-05	9.970531e+00	-8.899824e-03
9.368814767441582e-05	9.414362e+00	-9.162695e-03
9.388346017441582e-05	8.819839e+00	-9.391080e-03
9.407877267441583e-05	8.190184e+00	-9.584119e-03
9.427408517441583e-05	7.528477e+00	-9.741085e-03
9.446939767441584e-05	6.837743e+00	-9.861387e-03
9.486002267441585e-05	5.381137e+00	-9.990333e-03
9.525064767441586e-05	3.844115e+00	-9.969014e-03
9.564127267441587e-05	2.250232e+00	-9.797751e-03
9.603189767441588e-05	6.228557e-01	-9.479121e-03
9.642252267441589e-05	-1.014774e+00	-9.017917e-03
9.681314767441590e-05	-2.639447e+00	-8.421076e-03
9.720377267441592e-05	-4.227865e+00	-7.697572e-03
9.759439767441593e-05	-5.756547e+00	-6.858291e-03
9.798502267441594e-05	-7.201759e+00	-5.915854e-03
9.818033517441594e-05	-7.885564e+00	-5.410327e-03
9.837564767441595e-05	-8.539452e+00	-4.884437e-03
9.857096017441596e-05	-9.160316e+00	-4.340163e-03
9.876627267441596e-05	-9.744923e+00	-3.779554e-03
9.896158517441597e-05	-1.028972e+01	-3.204719e-03
9.915689767441597e-05	-1.079023e+01	-2.617823e-03
9.935221017441598e-05	-1.123828e+01	-2.021073e-03
9.954752267441598e-05	-1.161319e+01	-1.416717e-03
9.971209418326482e-05	-1.183902e+01	-9.032501e-04
9.981603533472849e-05	-1.191594e+01	-5.776203e-04
9.988739743761609e-05	-1.193794e+01	-3.536776e-04
9.994820768146657e-05	-1.194679e+01	-1.627032e-04
1.000199806466114e-04	-1.195277e+01	6.277064e-05
1.001148998981577e-04	-1.195753e+01	3.608903e-04
1.002322022387552e-04	-1.196100e+01	7.288380e-04
1.003936546697094e-04	-1.196371e+01	1.233553e-03
1.005889671697094e-04	-1.196554e+01	1.839755e-03
1.007842796697094e-04	-1.196649e+01	2.439033e-03
1.009795921697094e-04	-1.196687e+01	3.029132e-03
1.011749046697094e-04	-1.196683e+01	3.607829e-03
1.013702171697094e-04	-1.196638e+01	4.172947e-03
1.015655296697094e-04	-1.196538e+01	4.722359e-03
1.017608421697094e-04	-1.196344e+01	5.253998e-03
1.019561546697095e-04	-1.195941e+01	5.765861e-03
1.021514671697095e-04	-1.194816e+01	6.256023e-03
1.023467796697095e-04	-1.191444e+01	6.722639e-03
1.024592814838673e-04	-1.185433e+01	6.980038e-03
1.025849572917814e-04	-1.171760e+01	7.257255e-03
1.027035974333258e-04	-1.152630e+01	7.508580e-03
1.028989099333258e-04	-1.113533e+01	7.899451e-03
1.030942224333258e-04	-1.068959e+01	8.260590e-03
1.032895349333258e-04	-1.019414e+01	8.590638e-03
1.034848474333258e-04	-9.655134e+00	8.888353e-03
1.036801599333258e-04	-9.076540e+00	9.152615e-03
1.038754724333258e-04	-8.461702e+00	9.382427e-03
1.040707849333259e-04	-7.813745e+00	9.576926e-03
1.042660974333259e-04	-7.135711e+00	9.735380e-03
1.046567224333259e-04	-5.701373e+00	9.941905e-03
1.050473474333259e-04	-4.182437e+00	9.998893e-03
1.054379724333259e-04	-2.602439e+00	9.905490e-03
1.058285974333259e-04	-9.847121e-01	9.663098e-03
1.062192224333259e-04	6.475653e-01	9.275365e-03
1.066098474333259e-04	2.271277e+00	8.748121e-03
1.070004724333259e-04	3.863261e+00	8.089297e-03
1.073910974333259e-04	5.400207e+00	7.308803e-03
1.077817224333260e-04	6.858598e+00	6.418378e-03
1.079770349333260e-04	7.550919e+00	5.936067e-03
1.081723474333260e-04	8.214663e+00	5.431414e-03
1.083676599333260e-04	8.846800e+00	4.906319e-03
1.085629724333260e-04	9.444222e+00	4.362757e-03
1.087582849333260e-04	1.000365e+01	3.802775e-03
1.089535974333260e-04	1.052133e+01	3.228480e-03
1.091489099333260e-04	1.099202e+01	2.642034e-03
1.093442224333260e-04	1.140369e+01	2.045643e-03
1.095395349333260e-04	1.173030e+01	1.441554e-03
1.096803776728607e-04	1.187483e+01	1.002437e-03
1.098188985693371e-04	1.193698e+01	5.686400e-04
1.098720186842834e-04	1.194635e+01	4.019568e-04
1.099506229595166e-04	1.195264e+01	1.551163e-04
1.100364816010844e-04	1.195690e+01	-1.146078e-04
1.101681463662282e-04	1.196070e+01	-5.280018e-04
1.103245959576410e-04	1.196331e+01	-1.017982e-03
1.105199084576410e-04	1.196508e+01	-1.626088e-03
1.107152209576410e-04	1.196598e+01	-2.228074e-03
1.109105334576410e-04	1.196629e+01	-2.821674e-03
1.111058459576410e-04	1.196613e+01	-3.404653e-03
1.113011584576410e-04	1.196546e+01	-3.974819e-03
1.114964709576410e-04	1.196408e+01	-4.530024e-03
1.116917834576410e-04	1.196133e+01	-5.068179e-03
1.118870959576411e-04	1.195490e+01	-5.587258e-03
1.120824084576411e-04	1.193665e+01	-6.085309e-03
1.122322815311112e-04	1.189427e+01	-6.452053e-03
1.123412221619001e-04	1.181727e+01	-6.709703e-03
1.124554265821590e-04	1.167229e+01	-6.971361e-03
1.126235474623712e-04	1.138095e+01	-7.340127e-03
1.128096174500524e-04	1.099712e+01	-7.724356e-03
1.130049299500524e-04	1.054105e+01	-8.099264e-03
1.132002424500524e-04	1.003874e+01	-8.443687e-03
1.133955549500524e-04	9.494432e+00	-8.756331e-03
1.135908674500525e-04	8.911756e+00	-9.036018e-03
1.137861799500525e-04	8.293916e+00	-9.281695e-03
1.139814924500525e-04	7.643969e+00	-9.492437e-03
1.141768049500525e-04	6.964912e+00	-9.667452e-03
1.145674299500525e-04	5.531302e+00	-9.907803e-03
1.149580549500525e-04	4.016613e+00	-9.999132e-03
1.153486799500525e-04	2.444175e+00	-9.940064e-03
1.157393049500525e-04	8.371300e-01	-9.731488e-03
1.159346174500525e-04	2.781971e-02	-9.572028e-03
1.163252424500525e-04	-1.588042e+00	-9.145764e-03
1.167158674500525e-04	-3.181106e+00	-8.581938e-03
1.171064924500526e-04	-4.728348e+00	-7.889032e-03
1.174971174500526e-04	-6.206593e+00	-7.077469e-03
1.176924299500526e-04	-6.912554e+00	-6.630939e-03
1.178877424500526e-04	-7.592498e+00	-6.159452e-03
1.180830549500526e-04	-8.243477e+00	-5.664783e-03
1.182783674500526e-04	-8.862524e+00	-5.148793e-03
1.184736799500526e-04	-9.446613e+00	-4.613424e-03
1.186689924500526e-04	-9.992578e+00	-4.060690e-03
1.188643049500526e-04	-1.049688e+01	-3.492674e-03
1.190596174500526e-04	-1.095485e+01	-2.911511e-03
1.192549299500526e-04	-1.135717e+01	-2.319391e-03
1.194502424500526e-04	-1.168180e+01	-1.718541e-03
1.196117226842398e-04	-1.185603e+01	-1.216786e-03
1.197562525592367e-04	-1.193064e+01	-7.650070e-04
1.198149688444535e-04	-1.194261e+01	-5.809652e-04
1.199032560437369e-04	-1.195055e+01	-3.038833e-04
1.199836048995714e-04	-1.195492e+01	-5.150650e-05
1.201224795667904e-04	-1.195924e+01	3.846860e-04
1.202681983958521e-04	-1.196187e+01	8.415735e-04
1.204635108958521e-04	-1.196373e+01	1.451022e-03
1.206588233958521e-04	-1.196462e+01	2.055009e-03
1.208541358958521e-04	-1.196480e+01	2.651261e-03
1.210494483958521e-04	-1.196436e+01	3.237535e-03
1.212447608958521e-04	-1.196314e+01	3.811623e-03
1.214400733958521e-04	-1.196058e+01	4.371365e-03
1.216353858958521e-04	-1.195482e+01	4.914654e-03
1.218306983958521e-04	-1.194027e+01	5.439446e-03
1.219748296424959e-04	-1.190957e+01	5.813696e-03
1.220872976061881e-04	-1.184792e+01	6.097490e-03
1.222048498989985e-04	-1.172590e+01	6.385972e-03
1.223429429374862e-04	-1.151706e+01	6.713711e-03
1.225382554374862e-04	-1.115101e+01	7.155537e-03
1.227335679374862e-04	-1.072986e+01	7.570432e-03
1.229288804374862e-04	-1.025962e+01	7.956834e-03
1.231241929374863e-04	-9.745934e+00	8.313287e-03
1.233195054374863e-04	-9.192597e+00	8.638452e-03
1.235148179374863e-04	-8.602843e+00	8.931103e-03
1.237101304374863e-04	-7.979702e+00	9.190139e-03
1.239054429374863e-04	-7.326131e+00	9.414586e-03
1.242960679374863e-04	-5.939402e+00	9.756465e-03
1.246866929374863e-04	-4.465912e+00	9.951598e-03
1.250773179374863e-04	-2.928756e+00	9.997050e-03
1.254679429374863e-04	-1.350860e+00	9.892137e-03
1.258585679374863e-04	2.450052e-01	9.638436e-03
1.262491929374863e-04	1.836163e+00	9.239765e-03
1.266398179374864e-04	3.399950e+00	8.702120e-03
1.270304429374864e-04	4.913639e+00	8.033586e-03
1.274210679374864e-04	6.354405e+00	7.244219e-03
1.276163804374864e-04	7.040287e+00	6.807867e-03
1.278116929374864e-04	7.699347e+00	6.345893e-03
1.280070054374864e-04	8.328714e+00	5.860033e-03
1.282023179374864e-04	8.925515e+00	5.352118e-03
1.283976304374864e-04	9.486840e+00	4.824059e-03
1.285929429374864e-04	1.000968e+01	4.277843e-03
1.287882554374864e-04	1.049077e+01	3.715526e-03
1.289835679374864e-04	1.092603e+01	3.139225e-03
1.291788804374864e-04	1.130859e+01	2.551108e-03
1.293741929374864e-04	1.162001e+01	1.953390e-03
1.295695054374864e-04	1.183471e+01	1.348319e-03
1.297115608066459e-04	1.191736e+01	9.049188e-04
1.297902877546876e-04	1.193632e+01	6.583539e-04
1.298699387614924e-04	1.194511e+01	4.084857e-04
1.299605701002880e-04	1.195091e+01	1.238695e-04
1.300838756646062e-04	1.195552e+01	-2.634727e-04
1.302360275107067e-04	1.195871e+01	-7.408230e-04
1.304313400107067e-04	1.196076e+01	-1.350951e-03
1.306266525107067e-04	1.196147e+01	-1.955995e-03
1.308219650107067e-04	1.196113e+01	-2.553676e-03
1.310172775107067e-04	1.195962e+01	-3.141746e-03
1.312125900107067e-04	1.195605e+01	-3.717992e-03
1.314079025107067e-04	1.194706e+01	-4.280244e-03
1.316032150107067e-04	1.192301e+01	-4.826385e-03
1.317363609689822e-04	1.187724e+01	-5.188404e-03
1.318627049734870e-04	1.178376e+01	-5.523545e-03
1.319914666089061e-04	1.162798e+01	-5.856143e-03
1.321867791089061e-04	1.131439e+01	-6.342182e-03
1.323820916089062e-04	1.094183e+01	-6.804350e-03
1.325774041089062e-04	1.051732e+01	-7.240909e-03
1.327727166089062e-04	1.004748e+01	-7.650214e-03
1.329680291089062e-04	9.536324e+00	-8.030726e-03
1.331633416089062e-04	8.987102e+00	-8.381012e-03
1.333586541089062e-04	8.402801e+00	-8.699753e-03
1.335539666089062e-04	7.786317e+00	-8.985751e-03
1.337492791089062e-04	7.140519e+00	-9.237928e-03
1.341399041089062e-04	5.772371e+00	-9.637157e-03
1.345305291089062e-04	4.321106e+00	-9.891433e-03
1.349211541089062e-04	2.809393e+00	-9.996932e-03
1.353117791089062e-04	1.259760e+00	-9.952069e-03
1.355070916089062e-04	4.777258e-01	-9.873373e-03
1.357024041089062e-04	-3.053993e-01	-9.757517e-03
1.360930291089063e-04	-1.863786e+00	-9.416203e-03
1.364836541089063e-04	-3.393136e+00	-8.933261e-03
1.368742791089063e-04	-4.871169e+00	-8.315954e-03
1.372649041089063e-04	-6.275583e+00	-7.573567e-03
1.374602166089063e-04	-6.943223e+00	-7.158890e-03
1.376555291089063e-04	-7.584120e+00	-6.717267e-03
1.378508416089063e-04	-8.195516e+00	-6.250363e-03
1.380461541089063e-04	-8.774667e+00	-5.759933e-03
1.382414666089063e-04	-9.318842e+00	-5.247825e-03
1.384367791089063e-04	-9.825295e+00	-4.715965e-03
1.386320916089063e-04	-1.029119e+01	-4.166354e-03
1.388274041089063e-04	-1.071344e+01	-3.601063e-03
1.390227166089063e-04	-1.108819e+01	-3.022218e-03
1.392180291089063e-04	-1.140914e+01	-2.431998e-03
1.394133416089064e-04	-1.166264e+01	-1.832625e-03
1.396086541089064e-04	-1.182927e+01	-1.226354e-03
1.398039666089064e-04	-1.191557e+01	-6.154678e-04
1.398914336180774e-04	-1.193231e+01	-3.410052e-04
1.399961200122236e-04	-1.194101e+01	-1.218934e-05
1.401106639305146e-04	-1.194633e+01	3.475909e-04
1.402818121798378e-04	-1.195021e+01	8.841829e-04
1.404737147108049e-04	-1.195158e+01	1.482731e-03
1.406690272108049e-04	-1.195019e+01	2.086370e-03
1.408643397108049e-04	-1.194477e+01	2.682156e-03
1.410596522108049e-04	-1.192929e+01	3.267848e-03
1.412549647108049e-04	-1.188745e+01	3.841239e-03
1.414070361484401e-04	-1.181011e+01	4.277783e-03
1.415652882260150e-04	-1.166427e+01	4.721691e-03
1.417606007260150e-04	-1.140943e+01	5.253352e-03
1.419559132260150e-04	-1.109347e+01	5.765241e-03
1.421512257260150e-04	-1.072479e+01	6.255431e-03
1.423465382260150e-04	-1.030956e+01	6.722077e-03
1.425418507260150e-04	-9.851648e+00	7.163423e-03
1.427371632260150e-04	-9.354154e+00	7.577807e-03
1.429324757260150e-04	-8.819930e+00	7.963669e-03
1.431277882260150e-04	-8.251747e+00	8.319560e-03
1.433231007260150e-04	-7.652355e+00	8.644136e-03
1.435184132260150e-04	-7.024498e+00	8.936178e-03
1.439090382260151e-04	-5.694397e+00	9.418388e-03
1.442996632260151e-04	-4.283525e+00	9.758937e-03
1.446902882260151e-04	-2.813961e+00	9.952702e-03
1.450809132260151e-04	-1.307697e+00	9.996769e-03
1.452762257260151e-04	-5.476418e-01	9.962371e-03
1.454715382260151e-04	2.133939e-01	9.890476e-03
1.458621632260151e-04	1.727538e+00	9.635421e-03
1.462527882260151e-04	3.213032e+00	9.235440e-03
1.466434132260151e-04	4.648221e+00	8.696549e-03
1.470340382260151e-04	6.011527e+00	8.026854e-03
1.474246632260152e-04	7.281546e+00	7.236428e-03
1.476199757260152e-04	7.874974e+00	6.799590e-03
1.478152882260152e-04	8.437228e+00	6.337159e-03
1.480106007260152e-04	8.965770e+00	5.850877e-03
1.482059132260152e-04	9.458113e+00	5.342574e-03
1.484012257260152e-04	9.911817e+00	4.814162e-03
1.485965382260152e-04	1.032446e+01	4.267631e-03
1.487918507260152e-04	1.069361e+01	3.705037e-03
1.489871632260152e-04	1.101673e+01	3.128499e-03
1.491824757260152e-04	1.129094e+01	2.540185e-03
1.493777882260152e-04	1.151283e+01	1.942311e-03
1.495731007260152e-04	1.167886e+01	1.337127e-03
1.497684132260152e-04	1.178853e+01	7.269096e-04
1.499637257260152e-04	1.184905e+01	1.139565e-04
1.501590382260152e-04	1.187387e+01	-4.994255e-04
1.503543507260152e-04	1.187340e+01	-1.110928e-03
1.505496632260152e-04	1.184795e+01	-1.718249e-03
1.507449757260152e-04	1.178661e+01	-2.319103e-03
1.509402882260153e-04	1.167539e+01	-2.911228e-03
1.511356007260153e-04	1.150839e+01	-3.492396e-03
1.513309132260153e-04	1.128688e+01	-4.060420e-03
1.515262257260153e-04	1.101417e+01	-4.613161e-03
1.517215382260153e-04	1.069377e+01	-5.148539e-03
1.519168507260153e-04	1.032865e+01	-5.664539e-03
1.521121632260153e-04	9.921463e+00	-6.159219e-03
1.523074757260153e-04	9.474730e+00	-6.630717e-03
1.525027882260153e-04	8.990936e+00	-7.077259e-03
1.526981007260153e-04	8.472588e+00	-7.497163e-03
1.528934132260153e-04	7.922223e+00	-7.888851e-03
1.530887257260153e-04	7.342408e+00	-8.250846e-03
1.534793507260153e-04	6.104844e+00	-8.880427e-03
1.538699757260153e-04	4.780932e+00	-9.376438e-03
1.542606007260153e-04	3.391894e+00	-9.731419e-03
1.546512257260154e-04	1.958970e+00	-9.940031e-03
1.550418507260154e-04	5.033334e-01	-9.999136e-03
1.552371632260154e-04	-2.264139e-01	-9.972257e-03
1.554324757260154e-04	-9.539476e-01	-9.907844e-03
1.558231007260154e-04	-2.391915e+00	-9.667529e-03
1.562137257260154e-04	-3.789727e+00	-9.281805e-03
1.566043507260154e-04	-5.126697e+00	-8.756474e-03
1.569949757260154e-04	-6.382394e+00	-8.099438e-03
1.571902882260154e-04	-6.973495e+00	-7.724544e-03
1.573856007260154e-04	-7.536832e+00	-7.320578e-03
1.575809132260154e-04	-8.070022e+00	-6.889059e-03
1.577762257260154e-04	-8.570752e+00	-6.431610e-03
1.579715382260155e-04	-9.036795e+00	-5.949955e-03
1.581668507260155e-04	-9.466020e+00	-5.445905e-03
1.583621632260155e-04	-9.856421e+00	-4.921359e-03
1.585574757260155e-04	-1.020613e+01	-4.378289e-03
1.587527882260155e-04	-1.051348e+01	-3.818740e-03
1.589481007260155e-04	-1.077702e+01	-3.244819e-03
1.591434132260155e-04	-1.099562e+01	-2.658684e-03
1.593387257260155e-04	-1.116864e+01	-2.062544e-03
1.595340382260155e-04	-1.129598e+01	-1.458640e-03
1.597293507260155e-04	-1.137815e+01	-8.492456e-04
1.599246632260155e-04	-1.141612e+01	-2.366554e-04
1.601199757260155e-04	-1.141052e+01	3.768256e-04
1.603152882260155e-04	-1.136127e+01	9.888883e-04
1.605106007260155e-04	-1.126782e+01	1.597229e-03
1.607059132260155e-04	-1.112966e+01	2.199558e-03
1.609012257260155e-04	-1.094666e+01	2.793609e-03
1.610965382260155e-04	-1.071930e+01	3.377145e-03
1.612918507260156e-04	-1.044858e+01	3.947970e-03
1.614871632260156e-04	-1.013590e+01	4.503936e-03
1.616824757260156e-04	-9.782934e+00	5.042950e-03
1.618777882260156e-04	-9.391561e+00	5.562983e-03
1.620731007260156e-04	-8.963804e+00	6.062079e-03
1.622684132260156e-04	-8.501808e+00	6.538359e-03
1.624637257260156e-04	-8.007810e+00	6.990029e-03
1.626590382260156e-04	-7.484121e+00	7.415391e-03
1.628543507260156e-04	-6.933118e+00	7.812843e-03
1.632449757260156e-04	-5.758885e+00	8.518144e-03
1.636356007260156e-04	-4.504854e+00	9.095324e-03
1.640262257260156e-04	-3.191065e+00	9.535702e-03
1.644168507260156e-04	-1.837657e+00	9.832654e-03
1.648074757260157e-04	-4.647409e-01	9.981714e-03
1.650027882260157e-04	2.227716e-01	9.999996e-03
1.651981007260157e-04	9.076644e-01	9.980640e-03
1.655887257260157e-04	2.259682e+00	9.829448e-03
1.659793507260157e-04	3.571621e+00	9.530411e-03
1.663699757260157e-04	4.824058e+00	9.088028e-03
1.667606007260157e-04	5.997972e+00	8.508953e-03
1.671512257260157e-04	7.074960e+00	7.801896e-03
1.673465382260157e-04	7.571599e+00	7.403626e-03
1.675418507260157e-04	8.037546e+00	6.977491e-03
1.677371632260157e-04	8.470833e+00	6.525093e-03
1.679324757260157e-04	8.869603e+00	6.048137e-03
1.681277882260157e-04	9.232140e+00	5.548417e-03
1.683231007260158e-04	9.556886e+00	5.027814e-03
1.685184132260158e-04	9.842465e+00	4.488287e-03
1.687137257260158e-04	1.008772e+01	3.931868e-03
1.689090382260158e-04	1.029171e+01	3.360650e-03
1.691043507260158e-04	1.045375e+01	2.776783e-03
1.692996632260158e-04	1.057343e+01	2.182465e-03
1.694949757260158e-04	1.065053e+01	1.579933e-03
1.696902882260158e-04	1.068500e+01	9.714537e-04
1.698856007260158e-04	1.067693e+01	3.593186e-04
1.700809132260158e-04	1.062649e+01	-2.541690e-04
1.702762257260158e-04	1.053392e+01	-8.667000e-04
1.704715382260158e-04	1.039962e+01	-1.475969e-03
1.706668507260158e-04	1.022415e+01	-2.079682e-03
1.708621632260158e-04	1.000833e+01	-2.675569e-03
1.710574757260158e-04	9.753170e+00	-3.261385e-03
1.712527882260158e-04	9.459932e+00	-3.834926e-03
1.714481007260158e-04	9.130072e+00	-4.394033e-03
1.716434132260158e-04	8.765219e+00	-4.936602e-03
1.718387257260159e-04	8.367150e+00	-5.460590e-03
1.720340382260159e-04	7.937771e+00	-5.964026e-03
1.722293507260159e-04	7.479085e+00	-6.445015e-03
1.724246632260159e-04	6.993183e+00	-6.901747e-03
1.728152882260159e-04	5.948422e+00	-7.735658e-03
1.732059132260159e-04	4.821344e+00	-8.453218e-03
1.735965382260159e-04	3.630332e+00	-9.043635e-03
1.739871632260159e-04	2.394037e+00	-9.498026e-03
1.743777882260159e-04	1.131196e+00	-9.809558e-03
1.745731007260159e-04	4.956664e-01	-9.910202e-03
1.747684132260159e-04	-1.394967e-01	-9.973546e-03
1.749637257260159e-04	-7.719773e-01	-9.999351e-03
1.751590382260159e-04	-1.399472e+00	-9.987521e-03
1.755496632260160e-04	-2.630375e+00	-9.851275e-03
1.759402882260160e-04	-3.814153e+00	-9.566857e-03
1.763309132260160e-04	-4.933192e+00	-9.138544e-03
1.767215382260160e-04	-5.970501e+00	-8.572780e-03
1.771121632260160e-04	-6.909964e+00	-7.878073e-03
1.773074757260160e-04	-7.338284e+00	-7.485559e-03
1.775027882260160e-04	-7.736662e+00	-7.064871e-03
1.776981007260160e-04	-8.103486e+00	-6.617593e-03
1.778934132260160e-04	-8.437272e+00	-6.145408e-03
1.780887257260160e-04	-8.736675e+00	-5.650093e-03
1.782840382260160e-04	-9.000507e+00	-5.133512e-03
1.784793507260160e-04	-9.227748e+00	-4.597610e-03
1.786746632260160e-04	-9.417555e+00	-4.044404e-03
1.788699757260161e-04	-9.569266e+00	-3.475975e-03
1.790652882260161e-04	-9.682406e+00	-2.894463e-03
1.792606007260161e-04	-9.756675e+00	-2.302058e-03
1.794559132260161e-04	-9.791942e+00	-1.700988e-03
1.796512257260161e-04	-9.788239e+00	-1.093516e-03
1.798465382260161e-04	-9.745750e+00	-4.819277e-04
1.800418507260161e-04	-9.664820e+00	1.314741e-04
1.802371632260161e-04	-9.545938e+00	7.443811e-04
1.804324757260161e-04	-9.389766e+00	1.354486e-03
1.806277882260161e-04	-9.197124e+00	1.959494e-03
1.808231007260161e-04	-8.969001e+00	2.557126e-03
1.810184132260161e-04	-8.706544e+00	3.145134e-03
1.812137257260161e-04	-8.411053e+00	3.721304e-03
1.814090382260161e-04	-8.083964e+00	4.283468e-03
1.816043507260161e-04	-7.726841e+00	4.829510e-03
1.817996632260161e-04	-7.341356e+00	5.357374e-03
1.821902882260161e-04	-6.492449e+00	6.350702e-03
1.825809132260162e-04	-5.552279e+00	7.248508e-03
1.829715382260162e-04	-4.536793e+00	8.037291e-03
1.833621632260162e-04	-3.462522e+00	8.705184e-03
1.837527882260162e-04	-2.346329e+00	9.242143e-03
1.841434132260162e-04	-1.205216e+00	9.640093e-03
1.845340382260162e-04	-5.617338e-02	9.893047e-03
1.847293507260162e-04	5.160443e-01	9.963874e-03
1.849246632260162e-04	1.083938e+00	9.997199e-03
1.851199757260162e-04	1.645438e+00	9.992898e-03
1.855106007260162e-04	2.741095e+00	9.871619e-03
1.859012257260163e-04	3.786987e+00	9.601862e-03
1.862918507260163e-04	4.767668e+00	9.187683e-03
1.866824757260163e-04	5.668475e+00	8.635314e-03
1.870731007260163e-04	6.475774e+00	7.953062e-03
1.872684132260163e-04	6.840447e+00	7.566364e-03
1.874637257260163e-04	7.177239e+00	7.151188e-03
1.876590382260163e-04	7.484865e+00	6.709096e-03
1.878543507260163e-04	7.762158e+00	6.241754e-03
1.880496632260163e-04	8.008084e+00	5.750918e-03
1.882449757260163e-04	8.221743e+00	5.238438e-03
1.884402882260163e-04	8.402379e+00	4.706240e-03
1.886356007260163e-04	8.549385e+00	4.156330e-03
1.888309132260163e-04	8.662306e+00	3.590776e-03
1.890262257260163e-04	8.740835e+00	3.011708e-03
1.892215382260164e-04	8.784822e+00	2.421304e-03
1.894168507260164e-04	8.794264e+00	1.821787e-03
1.896121632260164e-04	8.769300e+00	1.215413e-03
1.898074757260164e-04	8.710225e+00	6.044641e-04
1.900027882260164e-04	8.617470e+00	-8.759469e-06
1.901981007260164e-04	8.491610e+00	-6.219501e-04
1.903934132260164e-04	8.333357e+00	-1.232800e-03
1.905887257260164e-04	8.143559e+00	-1.839010e-03
1.907840382260164e-04	7.923192e+00	-2.438298e-03
1.909793507260164e-04	7.673357e+00	-3.028409e-03
1.911746632260164e-04	7.395268e+00	-3.607122e-03
1.913699757260164e-04	7.090244e+00	-4.172258e-03
1.917606007260164e-04	6.405137e+00	-5.253352e-03
1.921512257260164e-04	5.630321e+00	-6.255431e-03
1.925418507260164e-04	4.779128e+00	-7.163423e-03
1.929324757260165e-04	3.865645e+00	-7.963669e-03
1.933231007260165e-04	2.904460e+00	-8.644136e-03
1.937137257260165e-04	1.910446e+00	-9.194586e-03
1.941043507260165e-04	8.985873e-01	-9.606741e-03
1.942996632260165e-04	3.906429e-01	-9.758937e-03
1.944949757260165e-04	-1.161671e-01	-9.874402e-03
1.946902882260165e-04	-6.200008e-01	-9.952702e-03
1.948856007260165e-04	-1.119035e+00	-9.993542e-03
1.950809132260165e-04	-1.611469e+00	-9.996769e-03
1.954715382260165e-04	-2.569466e+00	-9.890476e-03
1.958621632260165e-04	-3.480192e+00	-9.635421e-03
1.962527882260166e-04	-4.330500e+00	-9.235440e-03
1.966434132260166e-04	-5.108070e+00	-8.696549e-03
1.970340382260166e-04	-5.801618e+00	-8.026854e-03
1.974246632260166e-04	-6.401103e+00	-7.236428e-03
1.978152882260166e-04	-6.897952e+00	-6.337159e-03
1.980106007260166e-04	-7.105659e+00	-5.850877e-03
1.982059132260166e-04	-7.285259e+00	-5.342574e-03
1.984012257260166e-04	-7.436174e+00	-4.814162e-03
1.985965382260166e-04	-7.557952e+00	-4.267631e-03
1.987918507260166e-04	-7.650264e+00	-3.705037e-03
1.989871632260166e-04	-7.712905e+00	-3.128499e-03
1.991824757260166e-04	-7.745798e+00	-2.540185e-03
1.993777882260166e-04	-7.748989e+00	-1.942311e-03
1.995731007260166e-04	-7.722648e+00	-1.337127e-03
1.997684132260167e-04	-7.667066e+00	-7.269096e-04
1.999637257260167e-04	-7.588410e+00	-1.139565e-04
2.000000000000000e-04	-7.570887e+00	-2.449294e-17
